005102
006350
006492
006587
003212
006221
006585
000072
004908
001001
001197
001642
006447
007392
003913
001661
005025
004590
003123
005132
004039
007373
007320
004389
006207
006485
007128
006802
003286
006839
000154
004987
005626
000055
006281
004145
000292
001288
002180
002869
004376
001860
002780
006984
001505
002030
007408
005791
005059
001839
007285
003176
003774
006511
000016
000253
004432
000789
007312
000294
000085
000368
003698
003344
006594
000109
004399
002204
003581
003586
007118
004543
000056
004523
003455
005142
001730
006480
000045
002514
005648
000244
007346
001609
006661
007017
004479
006635
003591
006662
005039
002501
007195
003390
003414
001691
001922
006705
001044
002047
003919
003392
002618
007355
001211
003697
005512
000880
003819
006743
000596
003522
005496
006400
006933
002259
001736
006688
007254
000232
004484
002240
006689
007444
001571
005205
007024
001510
002343
004757
003925
006313
002682
006392
000180
003606
003363
000975
007368
004872
006915
004057
006408
002226
002312
001896
005722
006642
004328
002886
004216
007150
003189
006722
006209
001196
000703
000813
003138
002117
005726
005663
000103
003801
005524
006020
006143
004789
006888
006303
003710
007455
004939
006463
004317
003012
007216
006352
001901
001870
001341
006140
005693
002274
001572
001950
002114
002150
006769
006006
001599
006510
000855
003451
003036
006108
001486
003009
006431
004794
002788
004512
001792
003595
001279
007248
003264
005890
004066
004375
003694
001561
004507
007156
004879
002406
001845
006671
002324
004219
000730
003160
006035
002798
007443
002352
005202
001112
005042
001541
005118
004838
002350
003701
005400
002559
000858
006375
001685
002167
001678
005424
005339
006174
007009
004500
000587
004972
000046
001319
002143
000303
007358
003173
005456
005160
001373
001454
005030
002819
006175
006591
007388
006421
000594
004784
003513
003284
000155
001790
000411
006383
005932
002394
006170
005554
004912
005209
001725
003158
005636
006961
005507
000075
001913
006795
000079
005326
005615
002296
001074
001553
003540
006499
003271
002015
004024
006620
001062
005846
000009
001052
001626
002852
002223
007224
003610
006285
005936
006880
001299
005759
005769
004876
003164
004796
004606
006867
000163
005851
001181
000947
006931
005432
006059
002512
000435
004552
003140
006449
002176
004957
005579
000799
003597
000905
000709
004654
004971
001506
002790
004645
006307
001601
006319
001420
003538
003418
002374
000557
000145
006471
002931
003696
004614
003910
006099
004165
001930
002992
006021
006775
003979
007021
000447
003927
005877
002739
001016
003294
001399
006518
005196
006402
001889
004073
003356
002133
005178
002873
003642
007295
000757
000205
000652
001806
002092
006707
002510
001519
005493
006947
004186
001558
001430
003765
003505
003185
006845
005469
001340
001204
003971
005011
003569
001637
002070
004572
003850
003700
007268
005106
007086
006090
000690
000609
000808
002355
004442
002077
005647
001529
002803
006111
007175
001047
002453
001696
003752
007105
006646
003241
004019
001759
007116
006963
000777
002469
001121
004417
003220
001343
002689
003459
002859
000565
000014
003576
003128
002996
001449
000934
003572
005187
003895
005150
002190
000681
000146
003329
001229
005535
004518
002316
002544
004866
004177
000995
006271
003754
002923
001048
002756
004344
004525
001544
007167
000051
001146
002950
001757
005364
003267
000783
002178
007141
004441
000157
002952
004211
001184
005399
002230
007471
000298
005409
000996
006325
001396
001100
004416
003786
001472
005046
006680
000573
004884
002785
004930
004781
003523
006145
002716
004382
005468
006018
001428
004355
004613
006363
003258
006566
000913
005880
003882
006513
001686
004754
003460
000367
003704
003091
005533
000176
000070
004457
001676
001632
002267
004855
000287
002887
005678
004913
000857
003744
001316
007073
005622
006056
006704
005084
001171
005012
000993
006504
004341
005779
006429
001130
000910
007362
002464
005403
002496
004268
004093
005767
001491
003508
007476
004386
002555
006495
004936
000178
003510
004915
004824
004755
005003
006157
000720
006455
002116
005527
005414
004758
006256
001492
002813
000749
002782
007189
002842
005983
003953
003686
001496
007393
005503
005711
005134
006172
001961
006109
001277
001744
004733
000433
005654
005956
000317
002445
001793
004471
006630
007013
006740
001964
002771
004356
003193
000818
007399
005099
007077
005195
000758
002648
006037
001598
005356
004127
002551
006946
006717
004169
002766
004594
002672
006361
003095
002055
001523
004801
006706
007193
006580
006124
001809
007293
001219
006065
003858
006199
007185
007155
006886
000500
004977
005293
000537
003427
000288
004631
006326
000526
001915
003585
000458
006545
001700
000160
003208
001400
000084
003200
003541
005715
003525
002939
002368
005930
003473
001476
000240
006986
002361
003555
004448
001690
004078
004381
005780
000456
003699
003742
006329
005808
000896
000678
004841
006120
000574
002413
006684
006347
005561
001834
007249
004141
000185
000049
000836
000119
004771
000833
000676
001409
005814
002515
004844
002595
000651
006607
000007
001681
006318
004621
001315
003028
003845
006718
001956
007046
002578
007370
002438
002104
000743
006017
005146
000110
000672
005823
003105
005928
004333
006277
007452
001004
007104
005277
006358
002119
002238
002687
007018
001045
005537
003922
001038
007465
003743
002632
003440
004571
000895
005904
005776
003799
002311
003666
001128
002582
000470
005420
003045
001142
004325
004052
003825
000029
003613
006236
006022
003930
004357
003810
001918
003285
004069
000034
004094
003963
006575
003311
006257
007213
000387
001815
006076
007223
007035
001698
004067
005733
003424
004200
007461
000460
002141
001474
003238
007094
002154
004296
006460
006160
002253
000129
006757
006330
006788
004663
000267
000277
002247
003270
000189
002838
006430
003967
004139
006162
006279
007236
000977
002829
005860
001248
005478
004607
004786
006645
004558
005340
001688
005802
006290
006225
003560
002487
003149
000540
000105
003990
001668
002489
005971
007387
006567
001695
000400
000099
006053
001378
006920
001328
005953
007406
000962
001899
005627
002007
002472
006252
001805
002410
004144
007218
003384
004923
001250
004013
005585
003536
002888
002322
002435
006201
007400
000018
007234
001883
003215
000501
002412
000665
006040
005305
003246
004827
004919
001912
001479
005836
000834
002605
000656
006259
001227
003279
005208
003086
004272
004217
005568
004499
005798
003130
007045
004980
002807
000417
002679
006457
002467
004704
000599
004466
002907
007007
004231
007472
004366
006239
006458
001763
001137
004991
003918
005773
006072
002498
003132
004476
001470
004178
004225
003274
004468
001404
003939
000338
001673
005987
003026
003387
002417
002938
003973
000797
002339
001811
004840
007245
005270
004031
002039
005117
001987
007404
001630
007296
005203
002524
003079
002389
000580
005830
004675
005764
003016
003249
001484
005016
001110
002098
000929
006784
002868
007090
006149
003017
001803
002596
006015
005100
002671
001379
004592
006912
000497
002941
002854
005641
007097
002676
004564
000306
001550
001151
004696
007173
002186
005186
000280
007062
000286
001327
003908
005646
001906
007228
000522
007298
004022
004413
000353
001168
006327
006967
003391
002507
002708
000210
000759
001992
004653
006991
000883
003372
007152
002650
000997
002210
003625
000003
003944
000775
006562
006079
006606
005920
002184
001761
004411
006509
006032
000577
003328
002778
003155
007192
003500
001955
007365
004712
003188
007160
003069
006432
004446
000490
003942
004334
005671
003437
006615
002684
000556
004310
007190
000057
002784
001278
006398
006159
002566
000617
000870
001364
000908
007108
001447
002026
006389
002714
001512
005397
002278
000275
005263
005290
003842
004951
004201
000067
005521
006214
001618
006310
002231
002611
003759
000087
001655
000828
005753
000597
002214
004619
002795
005291
002099
001223
005637
001841
005684
000891
007446
000945
006293
003289
005902
005314
004910
002627
005303
000162
005809
001313
004204
006523
000535
007113
006450
004261
006697
006205
007378
000663
000225
007054
005504
000688
001335
003589
000547
004359
003198
006831
002208
005675
001687
002734
004488
002481
003345
002835
004537
001819
002897
002643
006080
005553
000701
004978
001604
003040
004643
000888
006939
001539
005419
002774
004886
005048
006335
006150
004060
000887
007348
007425
003594
001760
000222
005924
001648
007107
000310
005435
000710
005351
003727
005871
000220
000405
002053
006820
003749
002981
005346
001843
004736
001734
003457
004198
005439
002607
006691
006766
004533
004080
003929
004575
005597
000177
003783
005231
001593
004274
003307
002401
002175
007276
006226
004365
000313
006739
001646
000946
000525
002518
001779
002236
007459
001085
004245
003831
004193
002097
001649
004264
006101
002802
003875
001679
003745
002629
003797
004464
001060
007106
003433
001743
002698
001231
003840
007036
005416
003912
005768
005832
004837
002921
002360
006264
005979
006082
006746
007263
006857
001866
003815
004234
007206
003436
005278
005915
004308
005816
005967
003377
002335
004358
003709
002375
006835
003674
003169
003549
000791
002040
001584
003871
003959
001312
000846
001185
004135
003020
002125
002482
004545
001614
003720
004023
006089
001716
004304
006147
001796
004269
004410
006112
003843
003383
000516
001465
001360
007044
005451
002620
001791
005116
006304
005991
001300
007050
003663
005870
001220
007001
004617
003784
006094
004286
003928
005283
004536
006260
001459
000770
006191
000214
000523
004102
007454
005977
007051
003940
003081
004053
003152
004218
003596
002084
007257
003205
005061
000584
001351
006830
002388
004390
007340
001692
001575
002407
005245
001367
004088
005608
001917
007209
000853
002560
002060
004498
004945
006653
003758
002533
003485
004677
005210
001262
002205
001826
005398
004159
007441
004203
002899
004236
004478
005286
004166
002527
004747
003935
001081
005387
002195
000115
006323
006428
001914
001433
003321
003863
006799
002949
002750
000793
002157
002550
003824
002927
001302
003861
005069
004741
005692
005937
006376
000860
004292
003314
006687
006294
005159
001020
006135
005738
006619
006064
004014
005051
001320
006526
002647
005396
003376
005946
005357
004509
001423
002834
005370
001703
003732
006627
002132
003261
003380
002898
004058
006308
006652
005891
004664
006212
003206
000653
003097
001965
003100
002932
002480
005324
006878
000742
001976
007148
005720
002851
005861
001756
001444
001518
000539
002855
006916
001921
001159
005529
003021
003213
000817
003361
001975
005742
002843
001383
002860
007418
004371
006859
002416
006092
002088
003075
002147
006230
003104
005490
006242
000060
001837
003413
002662
001090
005183
004387
007428
007386
002371
003060
006639
007057
005380
000598
003398
000957
003518
000038
007058
002777
005670
003933
000534
005578
002723
005513
004194
000080
007314
004593
002588
001891
002144
003575
006129
006234
005115
004115
006970
007438
002318
002668
001556
003303
001498
005681
004828
005000
001285
003974
002933
006223
002106
004046
002217
003816
004103
002980
006243
005548
001993
004703
000083
001973
000520
000184
000142
005131
003791
005228
005825
003348
002736
006538
003166
003093
004197
005886
005789
001032
001457
002639
001865
002364
004351
006616
000914
005060
000662
006119
006128
004561
006834
000835
004765
004559
001370
003566
000760
006683
001949
002738
000640
004445
004017
004940
005358
003532
005644
006904
002156
003673
003773
004006
004674
002006
005154
001366
002199
002033
003904
002281
004134
006728
006073
005253
006459
004070
002536
003068
004635
000753
002192
002354
003985
007250
003297
005220
003693
001208
006589
006846
007231
002400
000484
006155
003862
002051
003234
000097
000732
001309
006362
006934
001948
005957
004802
005410
005750
000822
005402
001998
001425
003602
003092
000637
000707
002023
002328
006255
001968
000209
005243
002090
003796
002678
003332
000100
003533
002704
002743
006966
006983
005866
005216
005129
002436
006610
003354
000868
005766
003817
000318
007338
004505
000449
001812
005941
001871
004967
006299
006821
002567
007333
002252
005177
006673
000258
005235
005688
002542
001935
002126
004167
002972
000871
003423
006826
003803
005734
000514
004676
005628
005173
003479
002910
000927
005564
004646
005035
005737
000322
004584
003991
000755
000796
005497
001857
002517
005027
000254
000092
004819
003776
005519
000164
004878
005352
006527
004252
003660
002703
005517
002654
006084
000257
006479
004467
006467
006663
007142
003921
000724
002549
007335
003994
003237
004522
005089
000342
006055
004729
003420
004854
004554
003966
003664
006584
004684
006251
003740
002451
000586
001290
005620
000238
003335
005868
004184
001028
004283
004546
005392
000968
003201
002865
006579
002395
001166
002719
005047
003997
006284
006138
000632
003072
000241
002816
006951
003888
006601
001663
002447
006494
003687
003955
006621
006665
005897
005508
000864
003813
000697
001578
003462
000866
005454
002172
003578
003378
000762
001434
005824
004181
000488
006927
001994
000673
005388
004005
001455
007111
005845
001098
005522
006193
000723
000903
006790
000582
007414
005815
004727
002741
002913
006502
004661
005966
003889
007316
004639
005679
001531
005665
007151
006171
001947
001325
003516
006336
001669
003494
001072
001169
000330
004453
005022
001212
001338
006211
007099
003381
003947
004395
005710
001879
003057
000316
001970
002874
000416
002129
000780
002537
001957
006113
004361
007191
006810
004180
006919
004997
002069
005563
006412
001731
005993
006949
002408
007121
005401
003770
006141
003617
002553
002882
000735
005849
006840
001210
004656
002145
003542
003253
000882
005951
000464
000245
006387
005888
005192
001413
003191
000380
000505
002825
006178
000552
004316
007361
004229
004020
007211
004595
003371
003995
000654
004601
002554
005225
004751
006842
004463
003760
005018
001568
003654
006988
003077
002301
004515
006289
005989
001394
001462
006622
006179
004616
002617
005421
004877
005682
001623
000616
000136
006909
002066
000150
005348
001962
000776
001775
004642
000071
000165
003023
002273
002573
006501
003463
006206
001543
005950
000166
003983
003896
002862
005569
007308
000788
005674
003876
003579
005788
003186
001708
000733
001452
006448
005842
007096
004297
003342
005749
004627
005954
001186
000434
000179
005395
006189
006911
007282
003695
000363
002983
003730
001641
003877
005407
000295
002305
001276
007357
006793
003445
003154
005831
004580
002211
004535
004461
005193
000892
000901
005657
003235
000629
004378
002561
007394
003486
004820
005716
003218
006940
001103
004212
003438
000664
003117
003260
003949
005594
004170
005526
005813
000010
005858
002872
001418
000091
003987
007092
005418
006763
000829
001849
000980
001509
002660
007341
002622
005455
006004
000982
002871
003015
003917
005239
007457
004075
004273
002441
001005
004785
005896
002265
005354
005031
001059
000424
005367
003733
005599
001974
003362
004339
005009
004409
003230
006748
004833
002317
002610
003999
003098
001493
003143
006241
003195
002513
005288
001402
002589
003044
001504
000937
004823
007432
001023
000563
002024
004099
003829
007004
006827
004179
006749
000474
007306
004779
005781
003458
005702
002189
004602
003243
003333
002213
000507
004778
002313
001040
002164
001534
005266
000954
001652
000125
002579
004538
004853
004394
004750
007390
006487
000794
002936
000785
006736
003656
004287
005332
003545
006644
002096
005502
005151
005719
004044
003115
003713
003706
007269
006969
003171
001324
004510
001864
000972
007328
001297
003619
004856
004320
005940
005990
004600
003993
004955
006890
005721
000044
004332
003846
000978
001057
005071
007241
002261
004514
006365
000987
000621
004279
004625
004331
002975
000358
003157
006699
005092
003507
007020
006817
006654
000442
006466
006203
004749
006158
006952
003836
000711
005795
000606
000575
002762
005485
000282
006905
005020
005223
002475
006550
003326
006892
006557
005530
001951
000243
002989
001784
003593
005211
003734
000410
005701
003282
006730
003722
000068
005575
000344
003951
001202
006105
006051
000845
002241
006399
000054
000264
000890
002614
004961
004047
000022
006668
007367
003151
001349
001036
003884
002448
003452
004952
006979
004772
001532
006137
004964
002998
003374
003336
004240
001636
002431
002289
000198
003672
006367
000114
002221
001293
001738
002065
006183
001622
000127
004805
000334
001073
005331
006672
004147
003227
000935
000992
002351
005828
006337
007025
007427
000337
006957
007317
006935
006104
001895
005974
000193
001175
004992
004238
004428
003209
001753
002634
002080
003546
006291
002946
003565
002198
002237
005393
003657
001799
005499
004503
000851
003245
000069
003196
001126
000013
004497
003731
005686
002616
001124
004492
002268
002249
007181
000121
004803
002271
002181
001406
000300
002452
006248
004723
005264
005152
004808
006543
003008
003757
003163
002593
000686
005412
007460
003636
001453
001798
000603
002256
005804
003442
000043
004869
001029
003359
002754
006166
003039
004911
007372
001490
004826
000149
004253
001326
003556
002191
004495
002688
001611
002609
006309
003339
006779
003989
001737
002222
000918
005574
001165
001468
000713
003277
000465
000274
005833
002576
001368
007127
006253
006197
005645
006926
003670
006716
004857
001408
006461
003941
004346
003646
003509
001829
002884
000041
001612
005810
002665
006180
004845
005758
000827
001323
003590
003548
003818
007137
000208
001748
004062
004183
000390
000550
003844
005943
004192
001009
002592
004925
004233
006559
001030
000763
000325
002968
003320
000158
004970
005137
005934
003441
005320
002468
006605
006877
005509
002608
005748
001238
003317
000576
001240
002770
004504
000374
006929
001414
002701
004050
004681
005301
000261
006675
007039
006346
006404
005207
002918
005583
000726
006011
003125
005302
001816
004436
007366
001362
002110
001201
001282
007226
000764
002664
005215
000861
000955
005752
000675
002275
000518
001540
004090
004227
001770
006200
001426
005123
006231
001882
003121
005853
000950
005607
004302
004968
007147
002624
000585
007301
003551
005344
002390
003772
005232
005661
002642
006164
004563
004847
003853
002443
006648
000482
004459
003291
001361
004906
002020
005091
006419
004890
005838
001566
002155
003833
000339
001436
002915
001754
002409
002122
000579
004506
001580
004208
000695
000438
000906
002929
003768
004431
006708
007159
003650
006805
002967
005964
002655
000511
002781
005690
000113
003013
003823
001200
004015
000856
005817
004199
001092
001850
000421
005408
003785
005126
006262
001429
001475
002670
000144
002658
006245
004230
004678
000712
000371
006617
005462
007186
006522
005770
003070
005257
000553
007243
004086
005980
004427
005130
001530
003648
001358
002652
004767
002986
003534
006554
004247
003570
001354
003416
000444
005609
002493
006153
007170
007060
004372
003832
003178
003108
006573
000744
001653
001322
003290
001728
000680
003665
000276
004258
007075
004056
005417
003382
005592
004583
003299
000608
003063
002373
002700
005006
006131
000705
007171
005723
004037
004084
002535
002285
000073
006996
003041
000082
006261
001417
001767
005200
003472
000898
005433
002768
000364
004524
006192
004901
001119
007070
002466
000425
004870
005148
005844
005655
001170
003273
001310
004597
005007
007479
005898
005848
000036
003848
005224
002146
005501
006861
006774
006382
001392
003978
007143
004719
000821
006341
003334
006631
002969
003637
002912
003468
005464
003014
001747
004054
007040
004405
001563
007237
005373
005797
002759
006328
000781
005976
005171
001247
003954
003592
006998
003644
000172
006896
007188
001838
000715
007417
000687
001403
004114
006985
005252
004112
002331
007102
002522
007321
003640
000462
007220
005614
000921
006851
006742
000217
000228
002067
003340
005406
004628
003851
005411
005541
005945
003903
006727
002990
005543
001258
002956
006401
002018
002705
005973
005259
003789
000466
000593
001105
002333
003887
007123
005097
005475
002970
000865
005254
004605
004347
004235
004133
004400
001298
001033
004586
004889
003806
004579
001981
003389
006750
005119
001109
001348
005908
007332
002485
005772
003792
001788
002309
001503
007356
000215
006893
001620
007251
006924
006690
000064
005547
000602
005294
006320
002822
001971
000304
003263
003248
002849
005165
000202
005005
003037
005694
000786
000661
003612
001061
005491
006292
002171
001628
002943
000032
006081
006268
005425
005107
002264
000671
001988
000349
003262
004922
000426
002792
002870
004106
005624
003051
004809
001785
006871
001093
005884
006975
002031
006974
000824
001357
002235
001644
000641
003147
001500
003431
005248
001847
005104
000256
003855
001190
005374
007222
005281
007197
000219
002837
001766
000120
002637
005098
004035
003867
003268
001369
001164
005778
000900
004865
004315
002523
005605
005835
007140
006397
007259
001953
006599
003906
006536
002063
005632
006993
001280
004151
001939
002326
000088
000030
005043
006422
005463
005775
000685
000487
002009
001091
006875
005960
003256
005295
005044
000017
002321
003639
002242
004455
006132
001595
002449
006539
003766
002769
006823
001283
002041
006413
006007
000148
006218
004244
005520
006932
001160
001301
006378
000348
004604
005353
002379
001911
005442
003454
000441
006443
007354
006776
006864
001638
006735
005204
000998
000439
000095
004029
001483
005867
000418
003526
001031
000123
000933
000623
006976
002072
002817
003741
004473
003415
003049
002016
005847
001385
003111
006572
003139
001916
000131
001581
000331
001944
003113
004793
006598
006184
003952
005718
003477
000886
005265
005169
002906
001659
005755
002491
001832
000431
002922
006801
004880
004623
007101
005327
002342
002965
005114
003675
000719
004973
000471
003911
001624
004982
005492
006941
006528
003714
000432
000631
005621
004451
005023
006541
003085
001156
003865
002799
005438
005247
001902
000549
003587
000832
003641
000502
004812
002430
002823
004883
003868
006918
004408
005085
002864
006825
000101
000233
002545
005384
001000
003564
002203
003089
002396
000814
007431
005771
005076
006069
001049
002940
004965
000924
004265
000206
003349
004834
005516
004899
002061
001440
000562
005606
002459
002244
001963
003567
001122
000990
002377
000389
001233
003475
001907
007002
005862
000171
000784
006237
006700
001034
001657
005550
005850
000011
006000
006311
004267
005500
005087
002134
001810
005629
006091
000259
000130
007305
001456
003309
001674
001405
003293
003223
003446
000026
000532
006374
004043
005549
005895
001608
003685
001876
005696
006787
000747
006921
005651
001390
006418
005083
003900
004266
000412
004123
007313
001873
003444
007196
001769
000423
001024
003628
002731
006865
006848
000638
001256
005470
001205
001064
002718
004842
005258
007093
003839
004900
002821
003327
001117
003795
001735
003537
002174
002444
005611
000531
004774
002494
004701
004882
006640
007429
000326
000086
006476
001079
006456
000965
006188
006390
000689
000513
006049
000112
001494
005872
005998
004555
002109
002591
004030
007474
006721
001773
004969
004565
002697
004897
005562
000714
000538
000221
001041
001321
002059
003119
002288
002005
005480
005863
001789
006972
001894
006724
001720
005756
002920
006254
002402
004577
005705
003626
006235
001715
003084
005995
006181
000649
000919
007451
003725
003598
007153
004313
005033
002465
004761
001842
006359
002349
004637
005598
005865
005730
006414
001639
007129
004933
003603
001671
002973
004670
006142
001777
005612
001548
006600
004146
000830
004477
006958
002832
003821
004798
006500
000815
003168
000872
004690
001082
001401
003936
007114
003078
003717
001482
003122
003244
004560
006544
005029
003857
001157
000825
004728
004836
007134
006609
003957
004071
000227
003976
007239
000384
004380
002427
006902
003724
004780
000296
000994
002437
005428
001677
003498
005567
002263
001551
003761
003638
000592
006025
001827
004937
001499
006217
002909
004775
000960
005376
006220
001570
002508
003514
000578
004018
005732
003499
004641
006824
003651
000607
000285
004795
006296
002194
005300
004662
003599
003561
002659
000951
002808
001467
006489
006490
007264
003287
005261
000200
002667
003849
003120
007126
006681
001833
007363
005269
002791
004702
003476
003680
006838
005591
000941
002358
007379
007203
005506
005394
002776
003838
004550
002683
004916
000255
002421
000643
007270
006995
005959
001393
005875
002381
002470
003790
005066
006869
000111
002587
003780
004984
007066
003400
006883
003615
006019
004975
006571
000544
000141
001161
000925
005383
000406
002824
002363
001958
007297
001821
002270
002003
000627
001017
000633
005942
003960
005761
006384
000902
002227
002148
002269
004539
001903
001938
007179
000529
006298
001908
000867
005457
005483
006894
001264
005250
006923
005968
000467
003439
003278
002297
000738
005440
004760
000461
005355
004379
005666
004322
003577
006224
005436
005691
001209
000989
004449
002197
003002
002095
000622
001739
002691
002987
005667
004182
003493
001422
005929
001672
002149
005874
003501
002302
005088
007286
000096
004412
007307
005238
005539
003360
005382
001723
002064
006814
002850
005361
000936
004818
004097
003767
003893
005518
004012
000445
006547
003064
005446
001464
000133
002032
007324
006438
002403
004262
002083
003059
000668
006216
007281
004257
001311
001080
004354
000074
001371
002732
001087
002857
001554
003968
001174
006564
000787
001473
002105
001215
004176
002426
006552
006657
002751
005310
002571
000739
004894
002649
002547
005837
000666
003729
001910
005317
001651
004076
007041
001836
003512
001724
006702
003721
004025
000271
001003
005604
000693
000959
000605
001056
003018
000138
000646
000012
005697
000839
001460
004731
003388
002597
001515
005774
006134
006283
003369
007334
000842
006295
004659
002733
006608
003988
002623
003083
003681
005272
005488
000820
004950
005285
000299
005306
007124
002904
005792
005799
000483
001874
005212
005111
007064
005593
005992
002954
006809
001520
000570
001830
002212
005362
004276
003184
004671
001559
002162
006373
001990
002471
005096
001607
000000
002323
006546
002926
004707
002456
002779
007184
000375
002484
004544
006965
